0.000000	519.887548
0.270000	519.850101
0.540000	519.812653
0.810000	519.775206
1.080000	519.737758
1.350000	519.700310
1.620000	519.662863
1.890000	519.625415
2.160000	519.587968
2.430000	519.550520
2.700000	519.513072
2.970000	519.475625
3.240000	519.438177
3.510000	519.400730
3.780000	519.363282
4.050000	519.325834
4.320000	519.288387
4.590000	519.250939
4.860000	519.213492
5.130000	519.176044
5.400000	519.138597
5.670000	519.101149
5.940000	519.063701
6.210000	519.026254
6.480000	518.988806
6.750000	518.951359
7.020000	518.913911
7.290000	518.876463
7.560000	518.839016
7.830000	518.801568
8.100000	518.764121
8.370000	518.726673
8.640000	518.689226
8.910000	518.651778
9.180000	518.614330
9.450000	518.576883
9.720000	518.539435
9.990000	518.501988
10.260000	518.464540
10.530000	518.427092
10.800000	518.389645
11.070000	518.352197
11.340000	518.314750
11.610000	518.277302
11.880000	518.239854
12.150000	518.202407
12.420000	518.164959
12.690000	518.127512
12.960000	518.090064
13.230000	518.052617
13.500000	518.015169
13.770000	517.977721
14.040000	517.940274
14.310000	517.902826
14.580000	517.865379
14.850000	517.827931
15.120000	517.790483
15.390000	517.753036
15.660000	517.715588
15.930000	517.678141
16.200000	517.640693
16.470000	517.603246
16.740000	517.565798
17.010000	517.528350
17.280000	517.490903
17.550000	517.453455
17.820000	517.416008
18.090000	517.378560
18.360000	517.341112
18.630000	517.303665
18.900000	517.266217
19.170000	517.228770
19.440000	517.191322
19.710000	517.153875
19.980000	517.116427
20.250000	517.078979
20.520000	517.041532
20.790000	517.004084
21.060000	516.966637
21.330000	516.929189
21.600000	516.891741
21.870000	516.854294
22.140000	516.816846
22.410000	516.779399
22.680000	516.741951
22.950000	516.704503
23.220000	516.667056
23.490000	516.629608
23.760000	516.592161
24.030000	516.554713
24.300000	516.517266
24.570000	516.479818
24.840000	516.442370
25.110000	516.404923
25.380000	516.367475
25.650000	516.330028
25.920000	516.292580
26.190000	516.255132
26.460000	516.217685
26.730000	516.180237
27.000000	508.105261
27.000000	496.062817
27.270000	491.719284
27.540000	491.673337
27.810000	491.627390
28.080000	491.581443
28.350000	491.535496
28.620000	491.489548
28.890000	491.443601
29.160000	491.397654
29.430000	491.351707
29.700000	491.305760
29.970000	491.259813
30.240000	491.213865
30.510000	491.167918
30.780000	491.121971
31.050000	491.076024
31.320000	491.030077
31.590000	490.984130
31.860000	490.938182
32.130000	490.892235
32.400000	490.846288
32.670000	490.800341
32.940000	490.754394
33.210000	490.708447
33.480000	490.662499
33.750000	490.616552
34.020000	490.570605
34.290000	490.524658
34.560000	490.478711
34.830000	490.432764
35.100000	490.386816
35.370000	490.340869
35.640000	490.294922
35.910000	490.248975
36.180000	490.203028
36.450000	490.157081
36.720000	490.111133
36.990000	490.065186
37.260000	490.019239
37.530000	489.973292
37.800000	489.927345
38.070000	489.881398
38.340000	489.835450
38.610000	489.789503
38.880000	489.743556
39.150000	489.697609
39.420000	489.651662
39.690000	489.605715
39.960000	489.559767
40.230000	489.513820
40.500000	489.467873
40.770000	489.421926
41.040000	489.375979
41.310000	489.330032
41.580000	489.284084
41.850000	489.238137
42.120000	489.192190
42.390000	489.146243
42.660000	489.100296
42.930000	489.054349
43.200000	489.008401
43.470000	488.962454
43.740000	488.916507
44.010000	488.870560
44.280000	488.824613
44.550000	488.778666
44.820000	488.732718
45.090000	488.686771
45.360000	488.640824
45.630000	488.594877
45.900000	488.548930
46.170000	488.502983
46.440000	488.457035
46.710000	488.411088
46.980000	488.365141
47.250000	488.319194
47.520000	488.273247
47.790000	488.227300
48.060000	488.181352
48.330000	488.135405
48.600000	488.089458
48.870000	488.043511
49.140000	487.997564
49.410000	487.951617
49.680000	487.905669
49.950000	487.859722
50.220000	487.813775
50.490000	487.767828
50.760000	487.721881
51.030000	487.675934
51.300000	487.629986
51.570000	487.584039
51.840000	487.538092
52.110000	487.492145
52.380000	487.446198
52.650000	487.400251
52.920000	487.354303
53.190000	487.308356
53.460000	487.262409
53.730000	487.216462
54.000000	487.170515
54.270000	487.124568
54.540000	487.078620
54.810000	487.032673
55.080000	486.986726
55.350000	486.940779
55.620000	486.894832
55.890000	486.848885
56.160000	486.802937
56.430000	486.756990
56.700000	486.711043
56.970000	486.665096
57.240000	486.619149
57.510000	486.573202
57.780000	486.527254
58.050000	486.481307
58.320000	486.435360
58.590000	486.389413
58.860000	486.343466
59.130000	486.297519
59.400000	486.251571
59.670000	486.205624
59.940000	486.159677
60.210000	486.113730
60.480000	486.067783
60.750000	486.021836
61.020000	485.975888
61.290000	485.929941
61.560000	485.883994
61.830000	485.838047
62.100000	485.792100
62.370000	485.746153
62.640000	485.700205
62.910000	485.654258
63.180000	485.608311
63.450000	485.562364
63.720000	485.516417
63.990000	485.470470
64.260000	485.424522
64.530000	485.378575
64.800000	485.332628
65.070000	485.286681
65.340000	485.240734
65.610000	485.194787
65.880000	485.148839
66.150000	485.102892
66.420000	485.056945
66.690000	485.010998
66.960000	484.965051
67.230000	484.919104
67.500000	484.873156
67.770000	484.827209
68.040000	484.781262
68.310000	484.735315
68.580000	484.689368
68.850000	484.643421
69.120000	484.597473
69.390000	484.551526
69.660000	484.505579
69.930000	484.459632
70.200000	484.413685
70.470000	484.367738
70.740000	484.321790
71.010000	484.275843
71.280000	484.229896
71.550000	484.183949
71.820000	484.138002
72.090000	484.092055
72.360000	484.046107
72.630000	484.000160
72.900000	483.954213
73.170000	483.908266
73.440000	483.862319
73.710000	483.816372
73.980000	483.770424
74.250000	483.724477
74.520000	483.678530
74.790000	483.632583
75.060000	483.586636
75.330000	483.540689
75.600000	483.494741
75.870000	483.448794
76.140000	483.402847
76.410000	483.356900
76.680000	483.310953
76.950000	483.265006
77.220000	483.219058
77.490000	483.173111
77.760000	483.127164
78.030000	483.081217
78.300000	483.035270
78.570000	482.989323
78.840000	482.943375
79.110000	482.897428
79.380000	482.851481
79.650000	482.805534
79.920000	482.759587
80.190000	482.713640
80.460000	482.667692
80.730000	482.621745
81.000000	482.575798
81.270000	482.529851
81.540000	482.483904
81.810000	482.437957
82.080000	482.392009
82.350000	482.346062
82.620000	482.300115
82.890000	482.254168
83.160000	482.208221
83.430000	482.162274
83.700000	482.116326
83.970000	482.070379
84.240000	482.024432
84.510000	481.978485
84.780000	481.932538
85.050000	481.886591
85.320000	481.840643
85.590000	481.794696
85.860000	481.748749
86.130000	481.702802
86.400000	481.656855
86.670000	481.610908
86.940000	481.564960
87.210000	481.519013
87.480000	481.473066
87.750000	481.427119
88.020000	481.381172
88.290000	481.335225
88.560000	481.289277
88.830000	481.243330
89.100000	481.197383
89.370000	481.151436
89.640000	481.105489
89.910000	481.059542
90.180000	481.013594
90.450000	480.967647
90.720000	480.921700
90.990000	480.875753
91.260000	480.829806
91.530000	480.783859
91.800000	480.737911
92.070000	480.691964
92.340000	480.646017
92.610000	480.600070
92.880000	480.554123
93.150000	480.508175
93.420000	480.462228
93.690000	480.416281
93.960000	480.370334
94.230000	480.324387
94.500000	480.278440
94.770000	480.232492
95.040000	480.186545
95.310000	480.140598
95.580000	480.094651
95.850000	480.048704
96.120000	480.002757
96.390000	479.956809
96.660000	479.910862
96.930000	479.864915
97.200000	479.818968
97.470000	479.773021
97.740000	479.727074
98.010000	479.681126
98.280000	479.635179
98.550000	479.589232
98.820000	479.543285
99.090000	479.497338
99.360000	479.451391
99.630000	479.405443
99.900000	479.359496
100.170000	479.313549
100.440000	479.267602
100.710000	479.221655
100.980000	479.175708
101.250000	479.129760
101.520000	479.083813
101.790000	479.037866
102.060000	478.991919
102.330000	478.945972
102.600000	478.900025
102.870000	478.854077
103.140000	478.808130
103.410000	478.762183
103.680000	478.716236
103.950000	478.670289
104.220000	478.624342
104.490000	478.578394
104.760000	478.532447
105.030000	478.486500
105.300000	478.440553
105.570000	478.394606
105.840000	478.348659
106.110000	478.302711
106.380000	478.256764
106.650000	478.210817
106.920000	478.164870
107.190000	478.118923
107.460000	478.072976
107.730000	478.027028
108.000000	477.981081
