0.000000	519.489646
0.270000	519.442744
0.540000	519.395842
0.810000	519.348940
1.080000	519.302039
1.350000	519.255137
1.620000	519.208235
1.890000	519.161333
2.160000	519.114432
2.430000	519.067530
2.700000	519.020628
2.970000	518.973726
3.240000	518.926825
3.510000	518.879923
3.780000	518.833021
4.050000	518.786119
4.320000	518.739218
4.590000	518.692316
4.860000	518.645414
5.130000	518.598512
5.400000	518.551611
5.670000	518.504709
5.940000	518.457807
6.210000	518.410905
6.480000	518.364004
6.750000	518.317102
7.020000	518.270200
7.290000	518.223298
7.560000	518.176397
7.830000	518.129495
8.100000	518.082593
8.370000	518.035691
8.640000	517.988790
8.910000	517.941888
9.180000	517.894986
9.450000	517.848084
9.720000	517.801183
9.990000	517.754281
10.260000	517.707379
10.530000	517.660477
10.800000	517.613576
11.070000	517.566674
11.340000	517.519772
11.610000	517.472870
11.880000	517.425969
12.150000	517.379067
12.420000	517.332165
12.690000	517.285263
12.960000	517.238362
13.230000	517.191460
13.500000	508.648161
13.500000	496.540135
13.770000	492.651413
14.040000	492.608446
14.310000	492.565478
14.580000	492.522511
14.850000	492.479543
15.120000	492.436576
15.390000	492.393608
15.660000	492.350641
15.930000	492.307673
16.200000	492.264706
16.470000	492.221738
16.740000	492.178770
17.010000	492.135803
17.280000	492.092835
17.550000	492.049868
17.820000	492.006900
18.090000	491.963933
18.360000	491.920965
18.630000	491.877998
18.900000	491.835030
19.170000	491.792063
19.440000	491.749095
19.710000	491.706128
19.980000	491.663160
20.250000	491.620193
20.520000	491.577225
20.790000	491.534258
21.060000	491.491290
21.330000	491.448323
21.600000	491.405355
21.870000	491.362388
22.140000	491.319420
22.410000	491.276453
22.680000	491.233485
22.950000	491.190518
23.220000	491.147550
23.490000	491.104583
23.760000	491.061615
24.030000	491.018648
24.300000	490.975680
24.570000	490.932713
24.840000	490.889745
25.110000	490.846778
25.380000	490.803810
25.650000	490.760843
25.920000	490.717875
26.190000	490.674908
26.460000	490.631940
26.730000	490.588973
27.000000	490.546005
27.270000	490.503038
27.540000	490.460070
27.810000	490.417103
28.080000	490.374135
28.350000	490.331168
28.620000	490.288200
28.890000	490.245232
29.160000	490.202265
29.430000	490.159297
29.700000	490.116330
29.970000	490.073362
30.240000	490.030395
30.510000	489.987427
30.780000	489.944460
31.050000	489.901492
31.320000	489.858525
31.590000	489.815557
31.860000	489.772590
32.130000	489.729622
32.400000	489.686655
32.670000	489.643687
32.940000	489.600720
33.210000	489.557752
33.480000	489.514785
33.750000	489.471817
34.020000	489.428850
34.290000	489.385882
34.560000	489.342915
34.830000	489.299947
35.100000	489.256980
35.370000	489.214012
35.640000	489.171045
35.910000	489.128077
36.180000	489.085110
36.450000	489.042142
36.720000	488.999175
36.990000	488.956207
37.260000	488.913240
37.530000	488.870272
37.800000	488.827305
38.070000	488.784337
38.340000	488.741370
38.610000	488.698402
38.880000	488.655435
39.150000	488.612467
39.420000	488.569500
39.690000	488.526532
39.960000	488.483565
40.230000	488.440597
40.500000	488.397630
40.770000	488.354662
41.040000	488.311694
41.310000	488.268727
41.580000	488.225759
41.850000	488.182792
42.120000	488.139824
42.390000	488.096857
42.660000	488.053889
42.930000	488.010922
43.200000	487.967954
43.470000	487.924987
43.740000	487.882019
44.010000	487.839052
44.280000	487.796084
44.550000	487.753117
44.820000	487.710149
45.090000	487.667182
45.360000	487.624214
45.630000	487.581247
45.900000	487.538279
46.170000	487.495312
46.440000	487.452344
46.710000	487.409377
46.980000	487.366409
47.250000	487.323442
47.520000	487.280474
47.790000	487.237507
48.060000	487.194539
48.330000	487.151572
48.600000	487.108604
48.870000	487.065637
49.140000	487.022669
49.410000	486.979702
49.680000	486.936734
49.950000	486.893767
50.220000	486.850799
50.490000	486.807832
50.760000	486.764864
51.030000	486.721897
51.300000	486.678929
51.570000	486.635962
51.840000	486.592994
52.110000	486.550027
52.380000	486.507059
52.650000	486.464092
52.920000	486.421124
53.190000	486.378156
53.460000	486.335189
53.730000	486.292221
54.000000	486.249254
54.270000	486.206286
54.540000	486.163319
54.810000	486.120351
55.080000	486.077384
55.350000	486.034416
55.620000	485.991449
55.890000	485.948481
56.160000	485.905514
56.430000	485.862546
56.700000	485.819579
56.970000	485.776611
57.240000	485.733644
57.510000	485.690676
57.780000	485.647709
58.050000	485.604741
58.320000	485.561774
58.590000	485.518806
58.860000	485.475839
59.130000	485.432871
59.400000	485.389904
59.670000	485.346936
59.940000	485.303969
60.210000	485.261001
60.480000	485.218034
60.750000	485.175066
61.020000	485.132099
61.290000	485.089131
61.560000	485.046164
61.830000	485.003196
62.100000	484.960229
62.370000	484.917261
62.640000	484.874294
62.910000	484.831326
63.180000	484.788359
63.450000	484.745391
63.720000	484.702424
63.990000	484.659456
64.260000	484.616489
64.530000	484.573521
64.800000	484.530554
65.070000	484.487586
65.340000	484.444618
65.610000	484.401651
65.880000	484.358683
66.150000	484.315716
66.420000	484.272748
66.690000	484.229781
66.960000	484.186813
67.230000	484.143846
67.500000	484.100878
67.770000	484.057911
68.040000	484.014943
68.310000	483.971976
68.580000	483.929008
68.850000	483.886041
69.120000	483.843073
69.390000	483.800106
69.660000	483.757138
69.930000	483.714171
70.200000	483.671203
70.470000	483.628236
70.740000	483.585268
71.010000	483.542301
71.280000	483.499333
71.550000	483.456366
71.820000	483.413398
72.090000	483.370431
72.360000	483.327463
72.630000	483.284496
72.900000	483.241528
73.170000	483.198561
73.440000	483.155593
73.710000	483.112626
73.980000	483.069658
74.250000	483.026691
74.520000	482.983723
74.790000	482.940756
75.060000	482.897788
75.330000	482.854821
75.600000	482.811853
75.870000	482.768886
76.140000	482.725918
76.410000	482.682951
76.680000	482.639983
76.950000	482.597016
77.220000	482.554048
77.490000	482.511080
77.760000	482.468113
78.030000	482.425145
78.300000	482.382178
78.570000	482.339210
78.840000	482.296243
79.110000	482.253275
79.380000	482.210308
79.650000	482.167340
79.920000	482.124373
80.190000	482.081405
80.460000	482.038438
80.730000	481.995470
81.000000	481.952503
81.270000	481.909535
81.540000	481.866568
81.810000	481.823600
82.080000	481.780633
82.350000	481.737665
82.620000	481.694698
82.890000	481.651730
83.160000	481.608763
83.430000	481.565795
83.700000	481.522828
83.970000	481.479860
84.240000	481.436893
84.510000	481.393925
84.780000	481.350958
85.050000	481.307990
85.320000	481.265023
85.590000	481.222055
85.860000	481.179088
86.130000	481.136120
86.400000	481.093153
86.670000	481.050185
86.940000	481.007218
87.210000	480.964250
87.480000	480.921283
87.750000	480.878315
88.020000	480.835348
88.290000	480.792380
88.560000	480.749413
88.830000	480.706445
89.100000	480.663478
89.370000	480.620510
89.640000	480.577542
89.910000	480.534575
90.180000	480.491607
90.450000	480.448640
90.720000	480.405672
90.990000	480.362705
91.260000	480.319737
91.530000	480.276770
91.800000	480.233802
92.070000	480.190835
92.340000	480.147867
92.610000	480.104900
92.880000	480.061932
93.150000	480.018965
93.420000	479.975997
93.690000	479.933030
93.960000	479.890062
94.230000	479.847095
94.500000	479.804127
94.770000	479.761160
95.040000	479.718192
95.310000	479.675225
95.580000	479.632257
95.850000	479.589290
96.120000	479.546322
96.390000	479.503355
96.660000	479.460387
96.930000	479.417420
97.200000	479.374452
97.470000	479.331485
97.740000	479.288517
98.010000	479.245550
98.280000	479.202582
98.550000	479.159615
98.820000	479.116647
99.090000	479.073680
99.360000	479.030712
99.630000	478.987745
99.900000	478.944777
100.170000	478.901810
100.440000	478.858842
100.710000	478.815875
100.980000	478.772907
101.250000	478.729940
101.520000	478.686972
101.790000	478.644004
102.060000	478.601037
102.330000	478.558069
102.600000	478.515102
102.870000	478.472134
103.140000	478.429167
103.410000	478.386199
103.680000	478.343232
103.950000	478.300264
104.220000	478.257297
104.490000	478.214329
104.760000	478.171362
105.030000	478.128394
105.300000	478.085427
105.570000	478.042459
105.840000	477.999492
106.110000	477.956524
106.380000	477.913557
106.650000	477.870589
106.920000	477.827622
107.190000	477.784654
107.460000	477.741687
107.730000	477.698719
108.000000	477.655752
