0.000000	520.679108
0.270000	520.651540
0.540000	520.623971
0.810000	520.596403
1.080000	520.568834
1.350000	520.541265
1.620000	520.513697
1.890000	520.486128
2.160000	520.458560
2.430000	520.430991
2.700000	520.403423
2.970000	520.375854
3.240000	520.348286
3.510000	520.320717
3.780000	520.293149
4.050000	520.265580
4.320000	520.238012
4.590000	520.210443
4.860000	520.182875
5.130000	520.155306
5.400000	520.127737
5.670000	520.100169
5.940000	520.072600
6.210000	520.045032
6.480000	520.017463
6.750000	519.989895
7.020000	519.962326
7.290000	519.934758
7.560000	519.907189
7.830000	519.879621
8.100000	519.852052
8.370000	519.824484
8.640000	519.796915
8.910000	519.769347
9.180000	519.741778
9.450000	519.714209
9.720000	519.686641
9.990000	519.659072
10.260000	519.631504
10.530000	519.603935
10.800000	519.576367
11.070000	519.548798
11.340000	519.521230
11.610000	519.493661
11.880000	519.466093
12.150000	519.438524
12.420000	519.410956
12.690000	519.383387
12.960000	519.355819
13.230000	519.328250
13.500000	519.300681
13.770000	519.273113
14.040000	519.245544
14.310000	519.217976
14.580000	519.190407
14.850000	519.162839
15.120000	519.135270
15.390000	519.107702
15.660000	519.080133
15.930000	519.052565
16.200000	519.024996
16.470000	518.997428
16.740000	518.969859
17.010000	518.942291
17.280000	518.914722
17.550000	518.887153
17.820000	518.859585
18.090000	518.832016
18.360000	518.804448
18.630000	518.776879
18.900000	518.749311
19.170000	518.721742
19.440000	518.694174
19.710000	518.666605
19.980000	518.639037
20.250000	518.611468
20.520000	518.583900
20.790000	518.556331
21.060000	518.528763
21.330000	518.501194
21.600000	518.473625
21.870000	518.446057
22.140000	518.418488
22.410000	518.390920
22.680000	518.363351
22.950000	518.335783
23.220000	518.308214
23.490000	518.280646
23.760000	518.253077
24.030000	518.225509
24.300000	518.197940
24.570000	518.170372
24.840000	518.142803
25.110000	518.115235
25.380000	518.087666
25.650000	518.060097
25.920000	518.032529
26.190000	518.004960
26.460000	517.977392
26.730000	517.949823
27.000000	517.922255
27.270000	517.894686
27.540000	517.867118
27.810000	517.839549
28.080000	517.811981
28.350000	517.784412
28.620000	517.756844
28.890000	517.729275
29.160000	517.701707
29.430000	517.674138
29.700000	517.646569
29.970000	517.619001
30.240000	517.591432
30.510000	517.563864
30.780000	517.536295
31.050000	517.508727
31.320000	517.481158
31.590000	517.453590
31.860000	517.426021
32.130000	517.398453
32.400000	517.370884
32.670000	517.343316
32.940000	517.315747
33.210000	517.288179
33.480000	517.260610
33.750000	517.233041
34.020000	517.205473
34.290000	517.177904
34.560000	517.150336
34.830000	517.122767
35.100000	517.095199
35.370000	517.067630
35.640000	517.040062
35.910000	517.012493
36.180000	516.984925
36.450000	516.957356
36.720000	516.929788
36.990000	516.902219
37.260000	516.874650
37.530000	516.847082
37.800000	516.819513
38.070000	516.791945
38.340000	516.764376
38.610000	516.736808
38.880000	516.709239
39.150000	516.681671
39.420000	516.654102
39.690000	516.626534
39.960000	516.598965
40.230000	516.571397
40.500000	516.543828
40.770000	516.516260
41.040000	516.488691
41.310000	516.461122
41.580000	516.433554
41.850000	516.405985
42.120000	516.378417
42.390000	516.350848
42.660000	516.323280
42.930000	516.295711
43.200000	516.268143
43.470000	516.240574
43.740000	516.213006
44.010000	516.185437
44.280000	516.157869
44.550000	516.130300
44.820000	516.102732
45.090000	516.075163
45.360000	516.047594
45.630000	516.020026
45.900000	515.992457
46.170000	515.964889
46.440000	515.937320
46.710000	515.909752
46.980000	515.882183
47.250000	515.854615
47.520000	515.827046
47.790000	515.799478
48.060000	515.771909
48.330000	515.744341
48.600000	515.716772
48.870000	515.689204
49.140000	515.661635
49.410000	515.634066
49.680000	515.606498
49.950000	515.578929
50.220000	515.551361
50.490000	515.523792
50.760000	515.496224
51.030000	515.468655
51.300000	515.441087
51.570000	515.413518
51.840000	515.385950
52.110000	515.358381
52.380000	515.330813
52.650000	515.303244
52.920000	515.275676
53.190000	515.248107
53.460000	515.220538
53.730000	515.192970
54.000000	515.165401
54.270000	515.137833
54.540000	515.110264
54.810000	515.082696
55.080000	515.055127
55.350000	515.027559
55.620000	514.999990
55.890000	514.972422
56.160000	514.944853
56.430000	514.917285
56.700000	514.889716
56.970000	514.862148
57.240000	514.834579
57.510000	514.807010
57.780000	514.779442
58.050000	514.751873
58.320000	514.724305
58.590000	514.696736
58.860000	514.669168
59.130000	514.641599
59.400000	514.614031
59.670000	514.586462
59.940000	514.558894
60.210000	514.531325
60.480000	514.503757
60.750000	514.476188
61.020000	514.448620
61.290000	514.421051
61.560000	514.393482
61.830000	514.365914
62.100000	514.338345
62.370000	514.310777
62.640000	514.283208
62.910000	514.255640
63.180000	514.228071
63.450000	514.200503
63.720000	514.172934
63.990000	514.145366
64.260000	514.117797
64.530000	514.090229
64.800000	514.062660
65.070000	514.035092
65.340000	514.007523
65.610000	513.979954
65.880000	513.952386
66.150000	513.924817
66.420000	513.897249
66.690000	513.869680
66.960000	513.842112
67.230000	513.814543
67.500000	513.786975
67.770000	513.759406
68.040000	513.731838
68.310000	513.704269
68.580000	513.676701
68.850000	513.649132
69.120000	513.621564
69.390000	513.593995
69.660000	513.566426
69.930000	513.538858
70.200000	513.511289
70.470000	513.483721
70.740000	513.456152
71.010000	513.428584
71.280000	513.401015
71.550000	513.373447
72.000000	506.587175
72.000000	494.102805
72.270000	487.939576
72.540000	487.876070
72.810000	487.812565
73.080000	487.749059
73.350000	487.685553
73.620000	487.622047
73.890000	487.558541
74.160000	487.495035
74.430000	487.431530
74.700000	487.368024
74.970000	487.304518
75.240000	487.241012
75.510000	487.177506
75.780000	487.114000
76.050000	487.050495
76.320000	486.986989
76.590000	486.923483
76.860000	486.859977
77.130000	486.796471
77.400000	486.732965
77.670000	486.669460
77.940000	486.605954
78.210000	486.542448
78.480000	486.478942
78.750000	486.415436
79.020000	486.351930
79.290000	486.288425
79.560000	486.224919
79.830000	486.161413
80.100000	486.097907
80.370000	486.034401
80.640000	485.970895
80.910000	485.907390
81.180000	485.843884
81.450000	485.780378
81.720000	485.716872
81.990000	485.653366
82.260000	485.589860
82.530000	485.526355
82.800000	485.462849
83.070000	485.399343
83.340000	485.335837
83.610000	485.272331
83.880000	485.208825
84.150000	485.145320
84.420000	485.081814
84.690000	485.018308
84.960000	484.954802
85.230000	484.891296
85.500000	484.827790
85.770000	484.764285
86.040000	484.700779
86.310000	484.637273
86.580000	484.573767
86.850000	484.510261
87.120000	484.446755
87.390000	484.383250
87.660000	484.319744
87.930000	484.256238
88.200000	484.192732
88.470000	484.129226
88.740000	484.065720
89.010000	484.002215
89.280000	483.938709
89.550000	483.875203
89.820000	483.811697
90.090000	483.748191
90.360000	483.684685
90.630000	483.621180
90.900000	483.557674
91.170000	483.494168
91.440000	483.430662
91.710000	483.367156
91.980000	483.303650
92.250000	483.240145
92.520000	483.176639
92.790000	483.113133
93.060000	483.049627
93.330000	482.986121
93.600000	482.922615
93.870000	482.859110
94.140000	482.795604
94.410000	482.732098
94.680000	482.668592
94.950000	482.605086
95.220000	482.541580
95.490000	482.478075
95.760000	482.414569
96.030000	482.351063
96.300000	482.287557
96.570000	482.224051
96.840000	482.160545
97.110000	482.097040
97.380000	482.033534
97.650000	481.970028
97.920000	481.906522
98.190000	481.843016
98.460000	481.779510
98.730000	481.716005
99.000000	481.652499
99.270000	481.588993
99.540000	481.525487
99.810000	481.461981
100.080000	481.398475
100.350000	481.334970
100.620000	481.271464
100.890000	481.207958
101.160000	481.144452
101.430000	481.080946
101.700000	481.017440
101.970000	480.953935
102.240000	480.890429
102.510000	480.826923
102.780000	480.763417
103.050000	480.699911
103.320000	480.636405
103.590000	480.572900
103.860000	480.509394
104.130000	480.445888
104.400000	480.382382
104.670000	480.318876
104.940000	480.255370
105.210000	480.191865
105.480000	480.128359
105.750000	480.064853
106.020000	480.001347
106.290000	479.937841
106.560000	479.874335
106.830000	479.810830
107.100000	479.747324
107.370000	479.683818
107.640000	479.620312
107.910000	479.556806
