0.000000	522.099036
0.275000	522.054176
0.550000	522.009316
0.825000	521.964456
1.100000	521.919595
1.375000	521.874735
1.650000	521.829875
1.925000	521.785014
2.200000	521.740154
2.475000	521.695294
2.750000	521.650433
3.025000	521.605573
3.300000	521.560713
3.575000	521.515853
3.850000	521.470992
4.125000	521.426132
4.400000	521.381272
4.675000	521.336411
4.950000	521.291551
5.225000	521.246691
5.500000	521.201830
5.775000	521.156970
6.050000	521.112110
6.325000	521.067250
6.600000	521.022389
6.875000	520.977529
7.150000	520.932669
7.425000	520.887808
7.700000	520.842948
7.975000	520.798088
8.250000	520.753227
8.525000	520.708367
8.800000	520.663507
9.075000	520.618647
9.350000	520.573786
9.625000	520.528926
9.900000	520.484066
10.175000	520.439205
10.450000	520.394345
10.725000	520.349485
11.000000	520.304624
11.275000	520.259764
11.550000	520.214904
11.825000	520.170043
12.100000	520.125183
12.375000	520.080323
12.650000	520.035463
12.925000	519.990602
13.200000	519.945742
13.475000	519.900882
13.750000	519.856021
14.025000	519.811161
14.300000	519.766301
14.575000	519.721440
14.850000	519.676580
15.125000	519.631720
15.400000	519.586860
15.675000	519.541999
15.950000	519.497139
16.225000	519.452279
16.500000	519.407418
16.775000	519.362558
17.050000	519.317698
17.325000	519.272837
17.600000	519.227977
17.875000	519.183117
18.150000	519.138257
18.425000	519.093396
18.700000	519.048536
18.975000	519.003676
19.250000	518.958815
19.525000	518.913955
19.800000	518.869095
20.075000	518.824234
20.350000	518.779374
20.625000	518.734514
20.900000	518.689654
21.175000	518.644793
21.450000	518.599933
21.725000	518.555073
22.000000	518.510212
22.275000	518.465352
22.550000	518.420492
22.825000	518.375631
23.100000	518.330771
23.375000	518.285911
23.650000	518.241051
23.925000	518.196190
24.200000	518.151330
24.475000	518.106470
24.750000	518.061609
25.025000	518.016749
25.300000	517.971889
25.575000	517.927028
25.850000	517.882168
26.125000	517.837308
26.400000	517.792447
26.675000	517.747587
26.950000	517.702727
27.225000	517.657867
27.500000	517.613006
27.775000	517.568146
28.050000	517.523286
28.325000	517.478425
28.600000	517.433565
28.875000	517.388705
29.150000	517.343844
29.425000	517.298984
29.700000	517.254124
29.975000	517.209264
30.250000	517.164403
30.525000	517.119543
30.800000	517.074683
31.075000	517.029822
31.350000	516.984962
31.625000	516.940102
31.900000	516.895241
32.175000	516.850381
32.450000	516.805521
32.725000	516.760661
33.000000	516.715800
33.275000	516.670940
33.550000	516.626080
33.825000	516.581219
34.100000	516.536359
34.375000	516.491499
34.650000	516.446638
34.925000	516.401778
35.200000	516.356918
35.475000	516.312058
35.750000	516.267197
36.025000	516.222337
36.300000	516.177477
36.575000	516.132616
36.850000	516.087756
37.125000	516.042896
37.400000	515.998035
37.675000	515.953175
37.950000	515.908315
38.225000	515.863454
38.500000	515.818594
38.775000	515.773734
39.050000	515.728874
39.325000	515.684013
39.600000	515.639153
39.875000	515.594293
40.150000	515.549432
40.425000	515.504572
40.700000	515.459712
40.975000	515.414851
41.250000	515.369991
41.525000	515.325131
41.800000	515.280271
42.075000	515.235410
42.350000	515.190550
42.625000	515.145690
42.900000	515.100829
43.175000	515.055969
43.450000	515.011109
43.725000	514.966248
44.000000	514.921388
44.275000	514.876528
44.550000	514.831668
44.825000	514.786807
45.100000	514.741947
45.375000	514.697087
45.650000	514.652226
45.925000	514.607366
46.200000	514.562506
46.475000	514.517645
46.750000	514.472785
47.025000	514.427925
47.300000	514.383065
47.575000	514.338204
47.850000	514.293344
48.125000	514.248484
48.400000	514.203623
48.675000	514.158763
48.950000	514.113903
49.225000	514.069042
49.500000	514.024182
49.775000	513.979322
50.050000	513.934462
50.325000	513.889601
50.600000	513.844741
50.875000	513.799881
51.150000	513.755020
51.425000	513.710160
51.700000	513.665300
51.975000	513.620439
52.250000	513.575579
52.525000	513.530719
52.800000	513.485858
53.075000	513.440998
53.350000	513.396138
53.625000	513.351278
53.900000	513.306417
54.175000	513.261557
54.450000	513.216697
54.725000	513.171836
55.000000	506.548641
55.000000	494.564216
55.275000	488.989470
55.550000	488.935786
55.825000	488.882102
56.100000	488.828417
56.375000	488.774733
56.650000	488.721048
56.925000	488.667364
57.200000	488.613679
57.475000	488.559995
57.750000	488.506311
58.025000	488.452626
58.300000	488.398942
58.575000	488.345257
58.850000	488.291573
59.125000	488.237889
59.400000	488.184204
59.675000	488.130520
59.950000	488.076835
60.225000	488.023151
60.500000	487.969467
60.775000	487.915782
61.050000	487.862098
61.325000	487.808413
61.600000	487.754729
61.875000	487.701044
62.150000	487.647360
62.425000	487.593676
62.700000	487.539991
62.975000	487.486307
63.250000	487.432622
63.525000	487.378938
63.800000	487.325254
64.075000	487.271569
64.350000	487.217885
64.625000	487.164200
64.900000	487.110516
65.175000	487.056832
65.450000	487.003147
65.725000	486.949463
66.000000	486.895778
66.275000	486.842094
66.550000	486.788410
66.825000	486.734725
67.100000	486.681041
67.375000	486.627356
67.650000	486.573672
67.925000	486.519987
68.200000	486.466303
68.475000	486.412619
68.750000	486.358934
69.025000	486.305250
69.300000	486.251565
69.575000	486.197881
69.850000	486.144197
70.125000	486.090512
70.400000	486.036828
70.675000	485.983143
70.950000	485.929459
71.225000	485.875775
71.500000	485.822090
71.775000	485.768406
72.050000	485.714721
72.325000	485.661037
72.600000	485.607353
72.875000	485.553668
73.150000	485.499984
73.425000	485.446299
73.700000	485.392615
73.975000	485.338930
74.250000	485.285246
74.525000	485.231562
74.800000	485.177877
75.075000	485.124193
75.350000	485.070508
75.625000	485.016824
75.900000	484.963140
76.175000	484.909455
76.450000	484.855771
76.725000	484.802086
77.000000	484.748402
77.275000	484.694718
77.550000	484.641033
77.825000	484.587349
78.100000	484.533664
78.375000	484.479980
78.650000	484.426296
78.925000	484.372611
79.200000	484.318927
79.475000	484.265242
79.750000	484.211558
80.025000	484.157873
80.300000	484.104189
80.575000	484.050505
80.850000	483.996820
81.125000	483.943136
81.400000	483.889451
81.675000	483.835767
81.950000	483.782083
82.225000	483.728398
82.500000	483.674714
82.775000	483.621029
83.050000	483.567345
83.325000	483.513661
83.600000	483.459976
83.875000	483.406292
84.150000	483.352607
84.425000	483.298923
84.700000	483.245239
84.975000	483.191554
85.250000	483.137870
85.525000	483.084185
85.800000	483.030501
86.075000	482.976816
86.350000	482.923132
86.625000	482.869448
86.900000	482.815763
87.175000	482.762079
87.450000	482.708394
87.725000	482.654710
88.000000	482.601026
88.275000	482.547341
88.550000	482.493657
88.825000	482.439972
89.100000	482.386288
89.375000	482.332604
89.650000	482.278919
89.925000	482.225235
90.200000	482.171550
90.475000	482.117866
90.750000	482.064182
91.025000	482.010497
91.300000	481.956813
91.575000	481.903128
91.850000	481.849444
92.125000	481.795759
92.400000	481.742075
92.675000	481.688391
92.950000	481.634706
93.225000	481.581022
93.500000	481.527337
93.775000	481.473653
94.050000	481.419969
94.325000	481.366284
94.600000	481.312600
94.875000	481.258915
95.150000	481.205231
95.425000	481.151547
95.700000	481.097862
95.975000	481.044178
96.250000	480.990493
96.525000	480.936809
96.800000	480.883125
97.075000	480.829440
97.350000	480.775756
97.625000	480.722071
97.900000	480.668387
98.175000	480.614702
98.450000	480.561018
98.725000	480.507334
99.000000	480.453649
99.275000	480.399965
99.550000	480.346280
99.825000	480.292596
100.100000	480.238912
100.375000	480.185227
100.650000	480.131543
100.925000	480.077858
101.200000	480.024174
101.475000	479.970490
101.750000	479.916805
102.025000	479.863121
102.300000	479.809436
102.575000	479.755752
102.850000	479.702068
103.125000	479.648383
103.400000	479.594699
103.675000	479.541014
103.950000	479.487330
104.225000	479.433645
104.500000	479.379961
104.775000	479.326277
105.050000	479.272592
105.325000	479.218908
105.600000	479.165223
105.875000	479.111539
106.150000	479.057855
106.425000	479.004170
106.700000	478.950486
106.975000	478.896801
107.250000	478.843117
107.525000	478.789433
107.800000	478.735748
108.075000	478.682064
108.350000	478.628379
108.625000	478.574695
108.900000	478.521011
109.175000	478.467326
109.450000	478.413642
109.725000	478.359957
110.000000	478.306273
